16
683041 945421 359232 651981 493621 602269 760986 308060 351069 905162 265883 744648 225143 141510 930323 785609
772456 121503 775474 958971 608929 889508 133878 512327 329978 649050 795995 584133 489724 168841 535219 283176
748255 651461 426690 744204 196852 788618 765186 721566 475108 197274 130429 154675 300982 829518 744344 289210
945086 375661 414132 266198 893900 234885 757426 997449 163078 910619 361408 730314 241678 698904 436435 167315
470880 777133 786525 546920 886622 767865 834034 810597 884630 247798 903876 678243 898400 895536 393865 529173
415978 323444 132062 539102 399741 118662 149435 954875 314902 226265 676746 798192 617081 443599 408219 777154
597041 158962 461413 850195 831565 160105 202613 430811 843458 558432 400172 243450 630785 723300 214374 841057
185704 997507 731753 972963 686647 769811 204205 448167 614084 313260 958830 573530 909759 559124 203101 359001
872014 665400 161806 372715 455727 756142 547115 697645 824356 453258 981221 388475 683753 395988 562182 252450
412626 844898 987899 281181 692928 897047 430631 941731 934964 496856 384987 794802 486601 713279 196041 845383
413760 968020 311035 347028 940225 541805 888069 274692 238812 556181 438237 553087 773068 526790 373894 577600
898934 410760 284989 493020 849173 825644 167926 801694 839874 200221 786901 257195 257968 928537 956408 262174
111456 437703 195403 329807 349908 547266 818556 887082 791823 893372 198086 695144 727542 614475 450884 737040
901680 947014 579914 176372 217406 459251 126349 921782 346421 759386 569458 341616 773105 950103 344949 660725
749035 565835 939284 537100 785014 221357 357438 459859 161680 120705 254635 532101 496954 323955 668767 302220
968813 546056 489556 485504 155246 166709 552919 674203 919777 263184 554595 768693 540548 738988 735764 974991
