64
729465 352213 718885 924124 914503 181127 104067 522355 584910 804841 411650 938484 224310 499506 132013 981411 544066 617420 441436 289346 630733 289689 872247 682666 789896 548923 159670 132244 503891 995667 850145 351764 118724 546435 492707 838267 476339 843520 624945 779032 812403 677108 908142 114847 246911 968840 962376 999841 405167 892546 601681 626263 520057 562712 771811 688940 583063 304138 448723 848623 831080 727267 464561 416026
678841 472843 689781 719086 432663 956833 414954 834817 150203 341953 343885 764104 643059 285690 630855 302893 454297 366347 969119 616427 981364 968451 765246 554567 556354 316752 514416 355660 540231 184081 725528 574062 335340 662521 131759 232119 971448 479568 562159 441246 274540 561455 242938 858766 484738 594265 343302 247199 449942 110174 179986 780978 885204 530925 947097 101878 254323 333555 643445 258922 399782 964424 628203 281144
519925 916760 347605 522294 168109 704215 440265 785413 927615 408356 946848 582205 298194 651503 320925 707201 215408 248058 362246 209951 312275 417176 271037 729826 624261 697601 752545 817466 133265 991496 584712 604543 244016 378254 898687 699194 687166 981574 711845 778352 347382 543501 596000 220165 721848 257633 159756 469781 124861 140402 773197 360034 167581 774087 565589 914869 958485 338141 382339 747846 789717 856448 196113 230657
297283 527288 328882 847299 508900 170067 256556 768414 422339 418285 635964 977260 489204 411744 315127 553888 914359 592672 662064 977317 219595 490200 874853 936845 561618 385569 716181 853115 139088 486447 749378 697145 471181 302930 939664 761249 981013 110056 524365 179644 371306 202086 748844 618482 936762 992349 211141 555171 117890 889085 557601 745052 964417 782527 124221 629854 642875 811361 524012 676829 892653 537745 739362 150050
607488 449224 290212 706094 695294 323159 213775 775165 548217 234714 309624 135703 836923 462955 175147 615603 428404 551308 180682 856401 314935 908372 911107 958134 133353 893018 431196 782051 248421 413744 615774 825933 971836 886378 922498 602548 389273 136569 975039 245552 171900 703847 967517 739178 455907 302625 897210 918111 283849 422142 181905 712192 414987 402143 920665 416944 728309 804009 212379 755355 361545 108061 555153 558997
152248 106960 511393 337243 872882 132366 738393 422215 680864 647477 452310 174052 436654 661548 414585 506207 878208 374216 504186 143676 278518 637174 766512 658437 454451 728707 810330 135830 139733 472598 257839 713219 382675 197084 239759 297984 280119 221838 767268 415773 313086 781347 105716 961860 906742 741605 321188 828616 797532 843680 770358 960275 353740 312534 356455 642545 962220 202336 279790 469086 763659 110605 769944 839479
491528 382608 798549 334003 545704 644792 336523 779438 610794 251396 937717 867034 811293 301931 502073 508906 780976 988895 895769 622342 112298 164849 883207 912853 643076 375910 756321 386254 632371 594748 230328 757688 775215 700319 411904 741209 606742 493877 635661 697391 550252 811198 807915 688406 170883 489489 392899 240112 606836 674124 125877 538911 363422 705117 740116 897483 571785 206174 350152 807991 433702 210175 642570 163916
896676 494128 287252 772448 629382 963894 797051 798161 796545 424404 831881 575711 764456 394629 464405 704372 703579 878224 798853 190450 393092 180525 661882 934967 773699 970546 565029 473485 339680 522582 471939 262524 708917 736262 390403 972753 160475 726118 449157 793004 983367 592184 312495 171092 737227 131660 331887 717551 385884 728336 633173 476620 728199 861262 990284 925130 317047 207058 442058 694461 126941 571279 967371 223288
403548 273451 845649 339598 104239 527609 694755 939285 817803 405670 896303 775603 233602 544413 689661 998871 815675 158580 540218 989023 725701 252340 964902 104968 330218 279298 828559 434180 422133 287261 108436 163533 884314 398124 860861 908154 423914 815533 814157 128851 510115 723391 154859 540714 955078 436808 970547 965540 988153 993744 961873 208960 886786 530408 938836 649528 944043 966353 771908 611445 572333 536267 277315 755260
765634 644600 577587 861541 768427 486476 593434 501414 528528 473724 691074 684815 543160 328422 830331 252382 242838 157973 233123 430185 896034 205567 319434 697782 259087 377747 438389 529608 340451 686852 855773 357272 796134 210277 446148 466081 424048 360760 177639 582932 679014 382328 570566 234718 687269 135054 957245 456466 999595 208465 369651 306654 585571 408191 234011 203513 737927 593384 657037 830568 925646 903450 947127 472308
407181 501824 825737 131556 291052 581763 149031 348979 310079 624586 178002 892161 157652 674290 506439 806731 919680 294160 480434 225286 224236 600739 120572 711188 522441 928488 888491 373780 808731 164443 523224 629169 786423 706374 909517 496458 585380 940230 930293 213137 542545 503051 298451 425317 663293 896075 159447 358620 591765 839431 305346 703710 131737 814572 843537 856842 276094 423550 118838 540257 822586 805227 896409 689845
976320 787715 574719 938245 565298 523594 612759 240361 424338 149883 423731 685290 334821 738272 908670 413706 642979 352777 377748 113024 517812 511773 834460 193952 351219 559261 678462 761573 447569 686275 916501 681649 497678 207479 657737 108592 283057 290288 209637 485371 510273 654292 883754 547625 932422 607233 366840 864323 874942 560514 612091 725547 646389 371958 557755 544318 881307 996459 585889 573868 631922 886210 592767 854343
398188 471336 754229 293650 761552 469069 134228 656018 366837 814981 702875 778809 878751 183365 101496 363192 524800 965464 916515 587573 924749 704097 901417 373944 298290 941071 516640 996853 537188 119864 440887 162265 925961 700186 844211 299294 795987 883323 503150 901676 801976 417584 181240 127775 216837 151694 594459 318051 551260 830650 230439 917125 717682 983329 892745 193913 374824 734050 197075 737812 808612 181351 154936 371461
328058 626348 442160 261383 280530 600393 764563 126610 919880 137108 101134 642409 392997 557435 926299 111287 745624 487986 287168 226707 886648 512775 139065 986269 691577 966320 423240 720604 770561 812127 204352 491813 174032 214752 672105 381008 159974 505887 451390 828360 800767 765379 258327 611049 664747 286557 485812 644559 667828 171966 601484 371062 253940 210361 593451 154894 529516 918715 804717 739673 346925 194063 955908 434168
104459 409131 267732 784750 806401 703000 159539 661122 805670 863478 918424 328992 133708 371346 904494 908433 807472 878360 882247 219924 391840 120629 445450 301388 987186 826924 433469 839047 406535 167506 220686 392466 904473 503212 797473 709932 620835 836826 951125 424119 206221 939184 898211 889998 903520 320978 116007 177007 369858 947902 969989 355768 736785 751555 836804 225949 123000 771427 577693 216344 633568 874349 926050 450870
602304 236911 414612 614874 259911 643678 382697 574991 539436 649416 372003 502793 662751 977078 140659 427539 687027 974982 999519 796572 228520 136367 202171 553248 922524 692443 400659 851772 322959 126094 112619 415894 692810 317515 432379 914147 787528 725401 458454 668163 187499 727675 302992 932572 792806 394294 694871 885082 753789 841339 887510 743563 974262 120358 534850 583311 590759 629866 104565 562140 300811 196923 656236 773533
886013 465885 424045 938824 251513 848692 508475 818231 882552 636483 299593 667506 300838 745856 225656 892106 188763 574749 945109 353975 437863 272707 377502 767399 769430 288207 699384 679856 569805 441760 714948 271390 380638 387640 748025 821739 385278 269414 191934 688339 936473 944829 296795 910243 777659 154150 770083 303130 620410 532722 915522 938803 953963 123290 637874 908883 879268 626539 396706 456934 879612 939339 500969 925807
262641 969349 797971 907736 934484 981913 925329 503558 395668 530604 662505 994411 780649 946276 439758 104351 998067 911186 136623 885555 567157 724502 729519 389126 687298 273436 228593 693995 622298 960272 277662 653995 728750 299724 177874 488926 508699 393335 335702 489262 120851 308049 728899 326126 341666 134622 530291 558273 327987 578185 628543 806008 296151 138068 337522 418363 399122 266912 891421 394274 752741 360114 381504 531157
334998 715814 102158 364940 358058 422940 438861 534512 191832 880189 248767 550494 299959 822427 255773 473335 634368 632568 506272 808961 822924 846865 509221 211573 976203 919368 714730 842623 534036 297427 569066 572625 870259 774191 520779 228181 274924 626422 742605 980431 337302 416284 176861 743113 960072 434345 708244 298539 245390 987679 217257 697987 306887 291732 469930 589369 178154 707529 155073 909512 807908 576851 488978 240980
754781 947143 169322 774084 120546 545224 574943 933586 589616 854260 976245 926579 974761 772016 942171 943083 804255 780051 903998 394190 524045 533293 963662 603865 530021 787386 214860 680039 290119 817168 378907 978192 363723 543869 444101 636360 676723 480853 737321 404364 364582 828158 249640 411989 952900 294632 583913 120985 105215 803093 291645 583957 631155 138769 618849 689565 414568 734139 186210 807928 190882 944368 187530 862736
375691 256666 502254 747260 222461 694197 882841 870351 466241 520573 495772 865446 992393 124498 866204 620715 454611 765789 500598 891714 154886 693796 639069 639234 689562 807139 119795 294536 960270 109717 721500 291733 346271 432123 686841 822822 335635 829844 719486 664714 816658 440096 890722 599562 238082 377606 487617 799823 156908 376381 784103 977677 405983 939240 718766 504784 730059 839824 818690 792855 158623 332822 517428 688069
206565 467310 776943 573129 219646 465394 538342 489576 210701 423751 994270 789961 264661 319195 697039 604567 525729 651066 390851 960606 718422 133015 583972 823146 995690 254668 457219 336519 451964 469697 138849 732532 186727 230974 262759 237560 255088 785780 166818 154399 795833 664444 181247 216786 584582 544321 703146 614545 519893 947686 752572 265564 313574 736901 858033 367156 422941 103118 424803 793803 732402 305831 398197 920936
964497 809724 645704 445046 376398 182579 846874 939359 176889 263398 897877 131199 680966 883422 508873 412318 604445 724418 696640 296664 389363 528354 552327 421425 342446 830536 594810 246634 963550 374254 803777 246249 438737 979228 763506 499322 473526 878335 138241 983728 845870 507599 443130 346888 465517 332887 370890 778045 536696 623467 883661 134827 134428 237332 181990 283228 521268 266138 218399 894587 950929 198603 931738 305727
627964 200401 440302 489183 118590 475870 546640 799249 936722 272234 975069 956569 961428 810618 484069 709111 977257 179756 370080 560534 167280 608101 606639 188376 830181 837943 843369 983894 237380 361187 223047 633039 393890 940599 761741 923737 317536 832602 377013 908520 505121 648133 842193 673491 711290 336598 890962 964751 826071 254621 595772 201583 800465 586061 296091 862097 435963 812705 458010 461448 923475 296057 705458 555395
989952 419808 975075 792658 986800 959862 111735 608369 833264 794212 539790 797940 510009 838461 716271 635684 183453 294497 596642 905839 529725 229554 921090 594914 818672 160861 459944 553802 812928 807069 940489 375681 134848 581835 114262 351440 454968 947211 913848 558236 359647 314913 791281 408740 262708 882054 326322 238741 836121 314613 542225 738989 148155 246687 569028 643525 913940 346470 249979 871180 283001 510952 995392 979579
711077 290503 650060 531654 589435 711756 655274 193547 733854 962648 854571 779763 567642 327003 113536 536491 668235 407682 998277 707300 785365 857146 684665 956683 580252 742154 150952 336475 379919 605374 440125 967704 788468 350841 665128 776197 448065 772463 970044 764100 496344 465236 653394 121426 924109 707284 405903 681875 897428 477593 614382 905364 371638 879009 635857 626072 691234 669040 951581 139257 239278 862010 169329 312727
972718 655271 654121 699551 955853 549480 132517 497436 683231 978346 433661 247200 865354 436787 701454 187828 935844 198104 336542 488863 227096 640569 604273 362189 752935 761702 975309 614773 131455 344603 849295 641508 278927 254806 648787 173031 806584 488447 560604 787225 756073 662942 644810 865112 416488 139879 927735 221917 676174 996530 644777 572314 175852 617145 201122 695219 346117 958102 574153 147954 232017 152039 689939 342224
330132 355237 268068 535046 689493 809817 343993 906640 156656 787720 246148 394248 777390 106977 226279 625959 302688 162437 815723 151826 185177 292902 907873 400917 793538 514531 547551 602418 517136 986406 641778 696494 780846 338328 793196 626346 540925 483170 297365 146738 986778 456550 638207 606258 730623 675108 462074 760661 327271 481331 210233 352857 429656 847664 641981 551488 752234 945549 786212 374474 883992 946064 817895 536515
365588 308003 267789 250280 620996 926529 438626 179839 113038 560920 819085 691862 474340 133481 958046 575239 950460 293352 685965 802960 680351 868733 247603 691463 130809 188932 940960 272126 596188 743709 740921 127184 872421 261539 522951 258050 115252 930679 292121 447904 396616 757375 865794 552347 280197 954048 654521 102055 747479 876966 234993 729548 818958 387705 311330 638577 631718 495604 416585 619076 654162 149444 714999 773232
541486 385761 927370 158963 461331 808480 316862 975915 548062 269960 240613 716080 276262 947076 493705 976240 979271 557652 346392 282636 676970 642285 902900 709653 218551 344589 390690 383727 990589 958839 722762 151349 288539 678228 462410 455686 800621 469188 859748 910253 507078 717658 822430 680006 454925 841709 629151 980326 228537 741597 993844 282606 999837 463106 640929 371475 408322 982945 657535 133192 590801 286004 447306 467317
253484 793428 922219 704498 854921 417765 433789 882077 747309 166837 263092 176153 905809 391535 560237 513875 960769 474388 348232 392950 136122 985541 483627 716671 288748 590707 296891 712291 538189 281649 419158 638134 173910 113968 438817 500549 428103 279202 521329 195704 906119 908687 868753 663135 473678 105156 391636 288107 110285 224700 115240 218035 851669 686526 544526 864591 660540 370830 367881 347561 984620 976156 688253 399147
883624 746765 732199 688107 932768 247830 702266 541985 439386 361663 706220 742661 141351 501749 517787 145528 591267 492991 297947 625849 268753 546370 733199 887185 304686 964130 527834 976255 145842 547641 620905 136180 636189 844240 185428 295817 841910 961642 307279 936689 401278 198926 234303 801032 337609 691637 632372 804560 533791 645191 484428 795755 730252 435574 720984 459882 574735 889223 376128 400348 721894 315025 721779 942662
653456 750506 644741 896954 365576 901603 296047 983875 949047 400785 160160 675649 270105 781853 762783 429170 744868 671394 460352 891252 188795 226648 131707 437470 314083 607471 123038 865544 342523 956095 180866 401755 999101 372561 944637 394675 952522 315971 860472 764279 872806 732137 420647 246515 183277 906707 729602 423500 694474 469550 146576 457720 820931 230928 757403 154974 898260 512918 583587 765273 237585 750575 945452 293485
277162 376478 557981 532274 516878 869613 152904 948685 950321 644911 288664 252742 241255 483352 731065 651493 126588 254156 661745 645180 766287 960390 899041 353534 702213 947237 696391 969700 632461 348189 317096 126872 955568 908602 771099 228438 589806 118318 439362 436310 326791 305506 504505 634050 535773 392352 352543 281525 895228 289947 209891 356047 491726 414467 732246 931287 592589 639665 667506 579730 868465 561732 873596 797053
514683 541732 683876 837495 196161 608119 977757 518179 319635 947237 232203 897275 419079 883246 501007 656029 925484 850589 993027 717880 380507 591868 698020 719242 645027 771951 839279 106007 648257 385130 815968 367418 820831 846321 634856 834676 756149 299604 121112 265506 348280 947770 540877 707872 761844 605116 164508 286133 999552 602367 148750 781141 346449 727390 118466 182161 686435 268293 784191 372921 606249 636511 740413 876735
624842 386662 451334 626363 411989 317234 345792 243072 388940 231569 911083 706419 136075 362154 596645 871278 967775 612882 712833 641946 573088 653740 537512 744441 162283 310281 423709 747611 404016 626271 735294 971280 885578 642083 624462 385343 279575 323663 904717 147605 954407 397337 466161 850117 223020 794225 726036 943855 684671 484735 306825 289820 677838 788346 286630 740984 928881 976838 472130 293971 650710 450140 403108 461965
418472 453135 109337 811067 125131 419050 605592 271157 598835 570452 328579 779302 646084 282438 890798 538830 269972 114225 750651 480449 901151 545175 975562 593087 370669 809161 405433 951652 548465 807246 907456 606467 769065 592787 650108 514897 566877 565375 814128 489485 847520 680415 801286 408940 328734 279709 498011 688375 594659 775039 800204 233437 820677 571553 708041 109312 942500 200665 255123 140063 262812 343185 945017 116359
511538 462614 530067 830366 101683 235761 582261 375427 551693 463290 574055 745137 877416 966331 408198 441495 391998 126938 809950 855058 990425 709976 122515 511369 136926 511919 827077 687382 818083 418085 142524 389236 572247 413990 246748 948427 456736 988783 101379 437285 368299 489139 654833 426642 289455 730534 144792 408658 793571 949458 420519 286011 304922 884930 557868 384996 476484 710594 545400 284554 617829 199675 878730 165846
778262 694281 312029 477711 466195 267791 780544 882201 264786 714474 426089 591348 385976 374060 728611 231423 190317 300591 971307 274170 788374 414706 644144 855833 830978 536399 621261 964297 290224 981346 431387 312218 230897 618034 177222 429779 972852 725222 149713 604537 848888 159689 226160 967799 969806 342721 537333 777072 118561 500486 938070 272344 908826 248217 318267 190307 559767 291027 546752 805106 558476 825226 449215 726790
604251 663167 983178 829374 954795 871918 487960 899252 423410 411508 555599 691691 508388 881972 389964 258233 571055 540132 595527 561027 817322 926813 564770 321506 279050 853090 113728 260256 336240 230238 448875 172541 668735 292166 435382 349680 177064 351444 576702 400283 366016 350422 608527 247380 641690 617472 756314 477515 933011 315056 604950 196153 612065 771100 681509 100062 154151 318069 757656 611808 448027 825171 536944 834117
939618 498270 504046 672569 268315 939399 277920 143925 834009 103132 628971 934381 115118 760657 991468 697133 243131 584011 826771 581851 627577 592755 270393 470026 216802 763248 826465 849609 374612 686744 756885 499959 450551 276669 949216 273862 622477 567741 837379 757207 294122 719992 892223 958878 637420 539298 595261 733539 379653 452667 258172 268194 148860 531341 553102 869750 907430 837659 974393 175302 623447 682676 661021 269436
952110 520688 270861 133579 825414 174094 912855 771272 677300 477447 911178 750220 363603 953074 696747 677050 471375 482304 795684 773959 850556 716125 511812 357762 242443 277022 780833 731323 824069 239749 907506 784971 535330 942985 483976 671190 606586 876072 927355 559755 158485 405478 667689 402432 202838 654139 363675 836477 533699 623505 422788 934381 561107 352896 454917 763650 206515 143687 994182 654909 748512 536875 582300 489170
980234 821738 418677 705879 915707 470591 447341 202166 561401 140040 268909 940716 451374 152680 336958 108754 829658 174842 122512 473898 751913 635777 407753 163939 769867 591577 600688 857103 656716 723162 146141 406952 929378 871838 945300 241784 724405 958187 285952 272263 588341 300508 728643 412953 350444 847494 690152 873566 555960 666573 215024 203918 751497 684046 528317 982967 430560 656126 418298 326753 966937 660985 106517 152676
986377 841081 524497 778264 352885 992334 331226 151435 974951 592112 473693 106212 569179 681547 513920 612979 354015 869330 520235 645561 284659 903949 847993 318768 581771 969224 615507 659521 351157 294045 814639 462273 939447 931360 882337 445145 521585 253754 299323 167080 870014 833384 175207 188249 512517 822544 525512 856071 545975 127813 745394 877422 436643 275518 337275 293947 204086 399154 255202 911884 355497 140441 687412 550372
809935 744854 310400 162975 727842 449743 712749 355983 740239 408598 605025 974013 354113 868494 503235 148555 495768 119478 197687 308317 342292 164388 696486 631564 682781 115539 663514 780139 345623 210734 954412 192430 325859 255219 690875 128280 547546 238480 503578 352695 100041 645208 717029 817149 594247 578276 545925 747414 895134 538232 421834 675045 400208 258612 471503 456008 950107 679279 923663 404407 777158 951014 729853 231861
420438 103784 346662 123817 261803 278345 241672 402913 866328 216295 453488 526504 942737 927208 757419 240526 874658 403122 862684 165135 311916 130479 194483 318879 952578 257493 794805 397636 391093 810966 409565 612166 455632 320738 616462 953827 808596 402238 187908 801859 138291 668005 176410 807629 326850 887610 256031 491295 739806 492027 152820 364604 946023 123327 549579 849863 843254 263463 255883 299605 834197 336937 792962 434060
170673 171324 954884 704291 359444 616892 372399 657658 302180 471989 323884 829283 724208 734372 909021 608278 431962 600349 325147 830709 127375 663364 763667 732618 399026 421573 174471 855928 704425 190003 630019 937600 955604 927027 557535 228182 121062 527194 897715 479715 461097 102849 391430 614937 420703 175521 492069 939818 914459 624707 450499 189701 351219 896481 822066 305645 462901 357251 500624 222061 621329 289034 693242 609318
149810 761770 211119 755718 462021 785494 667106 492099 689778 140574 838350 959279 993402 307786 473750 993667 383621 971625 400228 159581 522367 250072 309266 888172 111290 511911 485724 292300 421472 978760 874639 414346 865559 673102 768540 829619 864409 265929 837729 971917 214378 497988 719070 869717 118461 397167 525002 281619 604790 491225 333809 797852 519348 219844 174644 731032 346289 582892 926331 653790 178833 822839 207698 253546
436529 728390 948992 665359 100492 663736 398863 112696 317257 773184 939492 632883 804037 284497 453602 289137 873367 935918 411434 474272 583578 981640 223189 192539 812967 888404 333025 865527 550218 921923 714354 145642 691352 136012 763063 436420 234370 519567 975140 212759 266765 826970 538339 606136 148190 316013 563638 369985 300845 844096 731608 568610 933510 928253 431228 839372 341650 357465 324258 262359 645673 456726 676966 734342
452141 241547 662828 584547 948643 268808 154760 588608 672025 685311 393505 234068 821801 598920 439982 165853 325846 448822 593753 493399 703803 931243 687144 272449 415208 144844 445203 683996 623892 556084 735286 420475 858032 548967 916950 554999 396067 315896 342720 613299 762722 666767 853399 890006 276482 481956 657762 450986 250151 511524 685797 141690 709476 727749 757100 677808 761337 271004 411595 429010 912628 290031 308434 819114
113715 366827 310776 456807 776216 233630 739031 279823 393886 834937 493297 842518 877479 960964 216833 601818 199742 480684 996779 759805 135071 932313 475764 502489 569846 987040 778585 133839 754102 987858 541872 741707 162970 679458 471435 248024 637140 887496 341947 989485 475677 675899 496688 346913 461589 109450 501253 791595 710833 475530 754443 645093 648814 773690 162028 755405 834942 764624 234586 776791 575415 881181 279372 303205
987204 843159 517935 945982 902029 484975 276180 265280 928171 800653 261620 661750 220069 434158 463754 810006 740905 794729 387838 968683 841772 556668 359734 733230 622515 810944 320120 107051 983955 772010 359993 754194 528982 907387 936263 662544 320868 749865 946132 190276 661144 372561 432049 590338 206544 255630 135215 907814 404744 750074 114910 123236 792016 748884 903395 271272 762425 808646 471664 998678 187811 925812 940052 938020
240568 560946 479479 764360 147103 721594 314107 770992 478859 159788 754188 447241 469919 613775 759134 166481 335473 425182 555108 895701 553779 392637 208916 419352 565784 280776 490502 229618 641182 889581 840096 272920 957455 103186 492818 558117 939297 679539 503544 725773 809847 412746 857852 849783 612287 698438 651100 492800 370590 859180 866976 765070 671619 241711 189321 742686 167241 180720 536568 885699 614784 434901 716875 159149
796903 740185 463782 300798 487791 892342 227230 298175 561700 766532 362806 834552 471842 704959 283269 938523 263000 855398 710753 425128 219576 723184 595471 447763 392272 207148 447297 689641 391266 726014 160317 211113 481471 605949 997243 834930 966363 592224 940533 695339 700847 368373 110117 698900 130787 414748 393832 344990 617053 315061 635966 832210 465334 124249 781791 633223 149459 843952 181472 355059 585613 312887 415498 114493
787559 908595 715539 748844 108894 774304 619614 151373 857346 930062 918495 567452 148246 700846 321491 212757 449577 195981 894037 477954 659380 204031 796988 465734 347781 225191 488068 465463 690564 349276 129613 808378 218933 601550 583570 961925 611019 920914 364657 115727 654666 105408 765645 983609 218172 758493 164933 596225 375916 896247 475871 987057 349166 330399 899778 780876 838893 225028 200106 378267 547015 135797 323954 492389
105271 279739 358898 534867 856796 450916 428090 866578 364472 392667 294615 126047 752259 960693 467295 723272 620961 862916 874459 340024 118268 841787 399605 709015 284418 172678 953497 953791 239435 987987 590880 758815 925689 900775 666843 804927 270358 394020 967806 949203 886412 261992 445139 250228 187851 538784 325648 739876 155189 825705 172475 720926 750546 334007 322368 826185 748224 692340 430889 309262 216270 429373 915785 349735
657283 931153 800581 746179 392581 790097 325388 439362 352900 807870 309990 854900 620852 888000 225459 979751 555697 155686 854872 390154 819304 372070 901139 229965 813717 568150 230516 597823 735361 109539 124080 839151 548658 917441 346242 654767 782739 113497 729329 831673 858904 926565 616326 173599 163639 998042 600071 558968 192236 648970 746482 182169 801450 526995 191887 140360 626123 134110 460044 612532 634346 447192 853157 840114
318470 182469 133008 659160 545164 322366 723256 652995 116727 818559 232037 491158 827966 308639 615171 695593 338247 635405 374610 328260 216658 837633 114204 525677 859771 389040 855424 315372 826076 898227 349369 336857 778954 946524 708209 355406 980911 432962 419153 300806 435797 315992 997091 185207 432882 890118 778267 154306 706895 112263 656637 204298 391526 897479 117023 553405 110382 536514 324731 191247 819022 448797 389994 741920
384466 973539 137424 467385 364413 218972 675585 806577 827449 135107 179886 392679 937634 848972 373156 816040 612108 702936 812612 103487 248738 966490 969343 166098 612350 249802 317019 826992 862688 133373 330218 678281 105013 842284 129574 232063 645142 535827 700917 124159 134709 653686 258593 201311 799584 558422 519401 872600 354607 440623 102855 534117 421220 607900 675953 982246 681032 361811 316167 915376 718017 377817 275097 986484
424789 642561 687025 409746 874271 270019 381540 443156 387084 913498 927508 166154 157111 113986 256799 846300 132945 477023 690549 842324 391308 250039 518150 222161 880030 180029 759722 884103 452806 367445 876540 956768 365714 496389 380679 219335 756336 713417 135090 427306 480342 547734 328395 651067 837529 614044 954858 834587 979539 316026 829344 759838 354900 273146 519468 158853 513475 426463 782753 449819 562112 340095 655272 186196
335965 404203 450078 798579 825890 262587 988676 277859 881301 133453 106838 395233 289992 265407 147269 679674 521710 472407 875948 376739 610620 321189 536394 693906 643316 102583 686696 897114 513664 504192 747814 660785 703510 316040 128500 789328 149168 143102 382098 721957 457611 869021 793586 704652 143408 613881 891375 363162 667712 855514 527729 339212 273980 638677 674096 258365 131603 779263 133200 382527 218275 181814 878453 962633
594650 427732 293054 247789 550746 458863 796072 426013 732541 876555 110902 868651 589345 399833 652647 625679 217772 277961 785313 472299 716535 932482 127145 538605 907770 311720 162978 263551 825247 776760 956213 602048 517546 802098 139779 279778 265200 966414 605450 834088 464765 729360 503909 101388 389945 438762 214157 211498 300122 689320 740180 427653 230047 358651 745232 627218 860926 279459 939652 852632 342787 867616 196830 974681
710761 315133 383744 200975 413769 274259 457448 431272 353144 204374 696941 608353 710830 626858 211049 538175 132037 834809 887259 556294 615646 434223 923898 398888 457132 151212 618602 996179 283414 525822 969724 243649 616791 327205 384143 322177 906012 667179 874862 932061 766516 659608 974886 977873 179017 771574 590012 691172 205866 938988 362533 306361 497986 974048 520255 511269 581695 674881 740812 578565 834368 458735 269972 146666
380599 479239 894392 459553 166469 555546 984297 193740 598474 436590 589536 597616 965826 747192 293751 743489 300075 414449 705629 445866 564408 752599 593703 830867 606448 292477 151721 551130 753024 477701 315277 428173 773156 113913 737231 469898 486323 649640 169383 654756 847161 387801 790937 696097 694787 875386 770466 800291 415271 295506 847419 110449 929102 190795 671660 883917 282033 780063 845067 486187 187299 891117 467949 696469
