32
644367 167077 745527 162465 552300 587791 306684 920204 279361 396125 746298 931198 815439 217370 158906 244811 757176 120738 747262 297567 550413 584011 388644 851044 650116 693072 536463 197579 890284 775004 916941 517304
454138 977651 517435 885762 535763 450781 752938 925190 788357 554416 440359 764549 961395 818435 406347 123451 539254 404205 103781 763374 107241 473787 914447 455913 887441 855173 371033 502246 406462 403040 640221 400648
679897 393679 370502 699567 524180 260023 223281 192634 335565 968137 473873 408966 708025 660034 190230 927195 197187 439368 171513 394902 575738 356324 256090 466463 167283 755950 889104 781806 790243 790198 573435 496149
491150 358096 614699 236543 497555 130791 910892 604871 174788 738563 730311 568929 627935 545498 267618 483319 550628 614120 667197 160102 885670 467103 555418 965510 128961 886081 328971 353484 977876 548598 205139 259407
397960 593424 751683 568121 657706 921727 678968 839167 160180 287008 895006 419156 582369 900257 495299 396281 318429 678408 383681 355200 811324 794006 197784 771868 748904 841876 243344 647369 295077 324622 525225 617398
824476 472959 199889 589759 929932 959154 563944 756106 976019 132266 336504 896112 179120 802409 189265 142356 204675 827924 727516 802447 585672 614127 527763 141230 882942 915221 993193 510423 827443 141976 896902 875601
907477 216963 144637 931189 689666 186395 803718 612960 291504 793050 912914 114505 355441 838286 509182 389261 909719 312800 481560 372874 739528 955595 189881 992047 833586 308520 166599 735481 115860 569760 653661 350128
219900 513858 213219 891679 514142 938086 690874 502075 840531 215438 103249 708797 685953 783022 767862 240784 466218 771295 692569 334044 365709 984385 494334 156402 642315 974632 222598 715257 276912 515532 921253 224854
719379 566415 775006 100278 559051 839497 450900 914245 726484 425310 563782 299706 515556 206114 365736 106416 800165 788489 783800 722810 108193 916137 207711 855897 406863 881819 160032 721348 248293 643373 364658 233541
821777 862947 966540 401078 960201 330843 645418 827096 152018 905792 109384 185708 317341 201997 950328 295978 116930 579975 292604 543064 876285 652975 468719 102524 823501 103683 911395 808234 859217 716958 160061 966974
499727 773497 541633 763462 660179 516607 900401 518458 273842 299696 819883 759541 575496 845602 700726 739248 812289 600548 833029 888494 983771 445316 928903 624549 354324 834106 161679 842289 225828 767620 191822 105085
306159 871035 146466 517362 960012 339849 659397 104751 482509 136964 371400 749712 893223 672927 537057 930593 508463 377898 183413 190339 713081 878693 618372 517388 719538 427198 892226 755778 171608 687415 874451 574083
622842 977646 919683 113509 295823 281528 161753 104360 407197 687105 692706 286998 225639 886605 654955 998598 415151 271301 998984 490139 804448 385572 836516 219489 914741 862230 349570 125866 272790 947190 699578 928582
233916 235719 717496 308692 940497 884817 745836 426013 345495 636640 646564 595950 937696 786464 885039 300690 415567 755310 849457 437491 270071 182160 167735 713208 453211 433583 839292 678617 228769 839648 307927 358734
524428 104144 463773 676007 630335 604417 877258 482163 118191 591543 636080 311400 487081 625099 377382 742775 677476 128449 481631 212804 733272 430232 522157 150688 133188 965683 944858 918004 657507 547417 486290 322353
903867 379500 825143 140113 616718 180877 502095 427365 849054 504680 236048 119960 432136 188438 210988 423858 789224 546900 606989 375052 192655 223941 801363 604741 330166 852947 471477 879907 515950 736116 389496 102045
754697 842247 911091 437487 442767 939909 225113 821656 669618 928253 549300 426529 364762 301304 828257 105680 920779 783198 714292 934527 511271 501635 689109 644723 414170 924724 214941 811121 145431 572417 487390 687340
705898 427916 799056 801674 145003 616702 712990 718933 548972 891242 488051 145799 168329 957987 594466 907341 509764 909919 807181 650594 730776 882675 167050 737416 192046 635232 155476 973356 942086 467116 336797 781818
531493 223304 684528 973546 880004 205243 522536 480331 448541 501842 480249 218753 700590 577808 882237 424933 772490 908377 666769 154443 510588 329252 155458 772904 674746 778506 576590 772247 752262 543201 178502 235237
874092 387661 256146 836554 376071 232629 453919 312604 201874 174909 100923 154174 201589 885684 581008 776163 239994 402308 239247 796847 192053 733199 678952 515456 569610 128334 708917 811352 292927 228910 959219 100665
693420 898886 995798 276979 309881 858387 928886 831503 619426 984400 428527 195146 826569 317695 731514 669992 419075 416569 248472 120913 187598 827814 157215 279400 197656 403200 299069 671157 797079 775808 978566 216608
339854 724714 603712 169190 408155 398787 493988 250155 318346 740814 326293 110561 103888 251654 385247 301252 878325 860824 333571 159834 594899 224672 320717 930006 235860 656228 503484 513084 984159 801846 861034 614136
352963 818910 248563 885896 874312 376162 848797 792441 877260 193632 148574 911619 617921 662668 788942 170285 859167 938237 111538 659647 136034 975440 551441 509361 684445 890119 507268 208488 555459 159430 652964 449017
485034 142461 342563 133400 540133 893222 399135 931377 516059 458762 272193 493335 116979 503708 794038 127565 211892 679163 464829 626985 721650 358699 548603 987254 959164 497096 668049 492669 314533 428486 744516 758840
749615 909765 141563 911853 642416 732370 635293 452491 600680 670977 752793 301042 746212 111174 591160 443331 556689 899841 553963 101830 540117 991756 519375 837046 208587 523843 484821 743869 712605 234530 316645 245150
895049 559823 270147 800508 724644 380020 135256 342201 672896 361358 306181 521892 505523 235462 269584 402215 369685 686085 455116 355271 871692 467461 694608 436559 556384 761450 391791 587279 618985 691729 513069 280573
103005 152433 971734 367973 163638 775913 492921 201197 905096 259737 914679 901367 232477 396529 401717 722868 193976 501973 422722 712249 527676 116025 169556 493946 668611 660348 177232 824044 816471 270974 637247 240944
512017 389378 583672 107468 821221 487434 771327 382818 280075 622132 958469 884774 910211 164463 152562 802593 875667 123540 377069 999323 414578 491833 469594 698575 345998 470257 327323 985262 521765 692940 874350 262440
166017 560619 537338 297074 920877 308926 280871 756432 395817 683199 271942 883757 300344 665044 114198 686972 224904 397473 516897 617414 223273 685267 340948 396908 841228 805124 895003 710996 430883 446155 738229 623705
587873 415488 683234 184991 849412 886008 682534 595813 495278 133662 925045 167795 600890 910317 865246 564495 701907 724795 356995 539562 743162 559515 666411 393377 901228 633065 593816 454270 589562 230068 443396 452983
177920 458875 241086 999790 183612 564894 216103 492521 821176 822763 129631 380710 129163 654150 855348 486190 228012 369562 690799 133683 101333 512392 606068 476266 234451 891307 616758 610078 288671 523114 701989 260242
437498 672424 774942 185669 341906 666703 753394 894282 795771 585700 470802 282166 529690 772810 814634 310248 321698 892552 377992 510319 126720 563153 263021 768585 503163 226127 580125 869383 884625 275779 945749 194306
